72274
69376
109264
35076
26769
47003
7471
52512
49440
2230
42874
97772
99124
16663
16196
5843
47542
76718
45649
103155
7418
93240
79313
108505
9856
23834
75908
88859
42598
72008
23219
22801
106212
29748
68834
39595
32309
6287
55057
79887
86850
43774
33861
24458
106937
15048
43554
39117
22489
25821
9983
47265
106745
62024
71244
27164
47298
108699
94677
71655
59783
67572
46010
60486
80666
19028
18942
84554
23605
27762
17963
23840
55165
97782
106317
65096
40503
83293
6050
67983
28703
35978
43990
75371
97832
82427
76316
7417
14584
2870
47464
9656
32685
23252
104711
8068
51135
53321
24720
33062
94676
88513
20272
70634
69709
12108
61348
93417
8285
49682
44152
101895
44276
70999
99798
73544
76554
44846
105787
35078
37092
96856
83590
38187
23921
63288
48822
83467
75531
74703
93129
99018
24748
71666
13355
7208
4955
84874
53230
5341
15724
92660
74005
83984
14133
2697
37143
97314
102421
103654
94272
68219
90494
79505
82904
84875
71632
41980
103052
8127
22400
32788
106025
51584
28786
105829
38633
86557
79729
91512
336
100779
106065
52681
62850
17730
8085
94440
15604
40509
65245
15898
95985
67284
12646
102433
106851
73719
67393
100778
89436
41752
9402
103482
62838
84786
100181
85243
29840
42175
75274
92867
70000
90031
109407
43169
47051
97225
3127
81554
9087
46713
51583
56840
34206
28542
50213
29560
83799
8028
106485
100897
17317
103287
93978
12790
32910
50719
80879
27932
47525
3201
96525
10333
9316
24778
9493
35015
37563
36380
78147
75140
97332
53896
106036
19830
58007
21497
56787
3661
75627
3700
102289
31238
99107
63071
83286
36647
109694
20368
53515
46052
51389
16746
51848
44588
102649
37470
98960
7613
49862
39751
73062
17696
13985
3224
59615
78497
64549
85256
33362
30999
19050
83471
51223
320
28052
26131
28377
85224
94336
77262
41933
41425
280
68545
38476
105218
9358
38643
31691
69321
50879
1422
79386
107116
52498
31682
11626
4108
1742
72511
930
60504
101908
101247
89126
92416
49173
77593
26969
100100
98382
29788
92471
94642
62630
55312
33377
30845
89438
41621
100461
109689
8290
17179
28779
82943
59856
97557
82855
21699
73960
17117
48447
107803
101991
75706
61919
103642
13613
86024
94279
12047
808
48236
26168
89362
69155
57701
37253
106542
108817
104280
46099
30507
74227
76836
86296
42937
34411
104606
23858
516
15231
85403
102257
104779
3082
41017
141
29964
99002
57976
49721
31215
106072
43655
50485
49749
83525
41850
106813
48309
10742
107890
20198
68807
10131
71923
94894
76476
37258
45554
86331
50623
39683
108607
81573
89611
4191
90248
22316
82215
104119
97175
100145
38695
93005
49696
46926
95310
4176
70114
70564
68214
22417
10754
71168
12018
54260
47931
73343
89541
42518
490
56376
82426
69406
72244
70460
1281
68724
45675
19357
125
16614
29026
84647
66701
42502
47400
1402
6324
8195
100898
10631
14120
9082
43399
37403
35866
8751
27501
105990
9962
40823
41124
83779
44781
56660
106631
106129
69306
509
72445
15384
16160
100860
25444
85801
69296
36578
38028
1118
38522
83523
97479
16897
11685
41643
78477
24338
6251
83279
42111
89026
24634
33179
108522
81117
24412
35682
46195
72746
33547
17176
16182
98056
92738
9039
61326
42867
53933
89132
42827
69126
97959
140
76667
35181
39618
73851
36631
87240
91891
71105
19892
15963
82980
28045
66572
63338
35360
103116
19672
26296
39773
100985
90055
3058
103690
38115
24718
37597
37921
33472
36540
28232
37978
60278
100659
10761
40674
91625
98558
99160
53279
31204
13117
2480
78672
44626
53594
108698
77687
60572
101802
33870
52196
72251
80657
50357
20869
99113
13287
76596
62219
94157
11805
87782
84162
73449
32216
15130
89403
99855
10915
82929
10351
44270
44366
103000
70309
83750
106788
104058
8413
1671
65143
102835
69060
96833
33595
96430
42870
80795
92252
92647
34760
28053
78337
46786
102820
28676
3097
66927
17515
88097
105394
19925
59834
70523
65639
17002
58160
95733
24023
69481
22443
52914
7363
83526
39860
34700
39402
9323
10895
40273
24965
1481
27446
73000
39470
43972
64399
45826
30275
25205
7339
82981
84420
20900
12457
67644
45072
24796
98613
20861
2340
84173
80377
77595
89450
72464
48398
3485
89920
4107
39114
100492
106996
55302
95660
19828
47349
69070
25667
17451
63492
89196
82152
103622
1151
93431
9933
66673
70657
34870
23416
48374
60284
37251
9600
31097
109650
87840
91875
85862
51033
104272
34743
5109
99181
71027
95707
32854
55655
45663
100811
82267
74214
94787
71766
43059
15913
34783
49201
14758
65611
64634
24440
58793
18680
49884
97166
40965
97173
84250
11794
42014
41046
22725
77307
19058
29955
24353
36300
26302
424
75149
91039
11266
41060
47669
97616
33500
18380
49390
94754
48042
682
64412
25210
100796
5137
47008
22303
31717
37071
57464
95344
29357
71258
11488
94060
58988
35811
66647
35146
102746
36855
75418
44822
2638
26918
23130
99453
39855
69093
51745
70008
39772
29999
99261
15901
432
81351
78645
1483
87921
548
29194
18846
41114
17152
14446
2243
92062
38691
10119
40173
12534
41765
98941
99701
67902
65021
66032
23533
68992
41072
104747
16748
101021
32909
17355
10954
74845
87816
29615
108590
51623
93076
85504
72738
37689
109382
99284
91609
22903
32737
22999
80452
29566
41506
1423
9105
53615
109890
100887
58453
106831
4796
66651
104558
26202
31045
94958
38297
54236
34413
36605
103175
107650
27683
35944
92881
107307
105013
17481
42177
65674
38257
93066
14288
16365
23580
100832
97582
68759
45558
97268
33147
70650
95734
20590
24536
109304
83642
63446
97473
32639
60902
64944
19059
88897
96520
289
1182
23941
35732
50197
83344
31021
2703
101962
73515
76382
67008
103759
54075
32395
63258
18650
21647
13459
41905
90545
69882
38195
72431
45824
23377
102693
69761
49436
107799
26825
45189
21989
107086
69797
8336
66460
45841
93796
73433
50308
44898
108971
17758
25572
40407
60840
85986
71542
19932
59288
1508
84834
95703
35119
43601
61191
22633
54789
101418
29372
34546
83019
81305
84163
63250
56293
108033
106005
25000
41641
21754
95659
197
26104
72596
67696
49640
34189
8934
43881
87384
75722
59652
80749
6099
20418
51353
59641
49153
19644
62238
2609
2592
72602
65177
87185
49679
51484
93263
29133
23051
101966
101291
49561
18368
58884
3708
20736
61323
31862
69307
68467
38783
56782
12174
107595
99019
8918
88701
14740
86308
65620
92513
35212
25228
107430
35826
67834
66791
78919
48386
3045
45239
1415
16843
92327
102086
31019
19639
12418
45025
105386
101057
73240
83604
81732
79966
101786
109687
91070
75870
50264
56153
106530
55918
68720
3395
81914
77638
17119
7240
19731
20570
108811
27093
49615
41683
54594
28731
65034
54965
54225
81158
93847
104866
42677
27249
67634
103585
36265
40427
99279
83168
91470
8502
54319
37194
26614
7699
48407
55637
23671
35566
66089
25033
103197
84711
33543
16605
88779
85240
31401
47
52565
43378
56365
43701
107190
80992
45
7116
108189
90196
101367
11595
63746
37369
58380
104205
84664
79403
90901
69055
73403
104511
89385
15562
80797
16080
103672
103971
87328
28996
107826
15268
10002
14581
109641
208
29144
96602
38645
64278
28773
75745
36776
99720
60641
75825
76377
59620
20345
105230
44413
81465
101038
41504
7837
8328
51536
1042
24073
38878
25477
41624
105451
91578
7518
48740
14968
56881
27060
53490
103247
2133
32397
4248
56400
24643
53543
91588
61742
27728
95261
64308
19796
108717
51147
8612
105566
100211
67177
67098
59323
65767
80055
87856
81667
1345
35829
29031
99445
32841
21275
38443
44109
15976
1545
38362
53050
79255
38933
22687
20852
26849
74566
108710
64885
108068
19385
26496
52084
21750
71201
87655
18184
59083
92351
53442
31937
101267
105211
99210
21629
65685
54155
9861
72132
68472
27806
89992
98902
10534
46014
93519
84253
18457
88143
69553
6853
69897
77897
32753
105517
15408
63158
35778
99361
107484
90878
64097
27288
19215
84658
60288
60341
68579
84270
77642
1020
5047
26773
46990
95105
42474
106182
40884
31923
108404
49244
71346
65100
9170
98343
53457
17426
73922
88830
104601
13649
32570
24552
77457
2276
90811
22568
82719
97313
5639
32556
33832
109470
45946
15508
79155
3108
41854
6433
88755
1762
37233
34676
70138
7308
51198
78872
36541
70232
8064
51084
96531
105172
99342
13203
58998
81440
28205
104032
79641
88193
91432
84642
89446
100162
16958
6065
18394
67580
22785
8354
11859
10203
101376
90362
13529
15794
100138
27833
67506
27715
104971
73799
97558
43248
5834
33941
21806
26431
17511
48896
84572
36590
45238
41358
106555
24877
17464
75879
55574
59125
79017
9144
74805
102224
49458
46066
109375
52554
14535
29015
546
88989
5434
101482
37693
105525
47132
57482
37263
103590
1244
64218
22588
66375
105749
98321
58241
45205
24853
61752
59056
92911
40167
106825
62709
23255
39825
311
18267
58909
20828
26274
475
53110
34964
86968
75649
54790
45134
83790
45066
23693
43581
38758
44820
95893
40591
17509
51813
83365
32889
100777
74660
1128
12602
81598
1427
59202
56059
37678
36562
12650
15303
69299
103648
19202
108403
49577
88464
58533
4305
37677
60622
34041
45296
70074
81937
77004
58971
36357
30896
8939
22632
95165
25155
102319
35773
106355
34725
26107
103396
41405
82898
107085
1258
20314
84439
8054
36308
100774
96052
108947
103785
21232
39866
44268
108032
21308
79545
69271
47141
94875
70485
18264
10226
14194
52552
104633
87486
79772
102717
22874
42436
84148
53620
91664
63437
103462
65150
93222
37091
6684
58690
47821
19230
95196
15495
77344
82258
94729
78667
71407
96622
70545
107902
60481
35331
73038
67798
91743
33165
62185
81921
93502
70618
25510
6628
44793
94818
32958
93410
13376
8283
2150
41162
49049
35434
80124
47059
11815
20235
39940
62499
53945
84691
28194
100854
93722
14089
72564
41917
32113
42607
90678
70375
38629
13150
41952
69469
102212
87482
84740
18773
71041
91718
64329
24153
22173
65036
63100
37861
85002
44546
101801
18418
95331
56933
107707
14342
109876
52839
5907
75905
13746
7932
76589
100093
76473
46721
107583
87036
7347
67411
17508
48405
86936
79307
14727
86462
66676
77183
82795
101876
101828
11394
102306
28020
31206
45323
106957
50533
103199
60329
69943
98042
76085
33151
72729
39196
58249
101420
86501
12777
91038
67716
102636
51298
94066
80806
45035
26114
7038
106356
107023
49151
77624
52776
41967
93584
73872
104981
81796
1215
89176
62441
72452
64747
53516
74153
52619
13149
39179
61646
55648
7297
92300
51008
33104
102155
45810
43126
10554
89846
83669
28561
70130
75229
18139
64478
38550
60539
17165
85866
35892
21852
51247
91018
87956
18036
99773
14313
90888
8666
77899
15224
5480
42679
28318
61270
39718
32383
54687
69164
85433
3362
81435
107842
33460
101918
64386
2656
21000
82953
10793
36840
90672
23437
98693
85658
37832
72070
21987
39599
94283
44960
88298
43477
55860
73973
33601
80949
89959
66880
70439
105712
64775
3884
90695
25630
28028
72269
82851
75348
64878
31589
62287
75073
107355
54944
30835
20287
13702
40213
89915
10971
29014
52626
74595
913
79560
10406
31509
84118
95252
84817
9384
36668
63547
3444
94891
44188
93960
38743
68412
718
87278
14865
35991
92877
99598
80321
47956
81852
92405
61992
41406
109767
11599
96893
94501
91555
66693
95276
84225
66631
81654
2875
49607
10862
37946
41220
43334
85751
77825
95697
20974
51058
22299
86322
99968
82686
65796
43970
93106
104869
70173
69778
65117
38936
34766
37913
24600
104158
51153
22407
66366
106392
8152
28453
100003
44662
17889
75812
70919
98802
70492
18803
89023
57802
85097
17901
47623
67803
74699
89449
50733
42758
85754
45500
62007
36364
15589
44817
28572
78290
99243
6961
55260
14275
79234
102150
24041
105174
19956
41651
61923
97567
88943
4981
15910
76524
58048
41429
100819
106823
52255
38728
31387
79153
106037
52133
30020
23946
87324
79223
59897
32384
79328
107384
14091
17532
103016
13656
33483
36433
62393
62440
31558
73036
29231
100694
102243
64683
33575
22905
11037
72432
13706
43753
93516
19855
61402
42695
108145
42819
108018
59604
69118
13475
102549
17746
22440
27675
39770
104559
69891
9360
80984
38393
78034
44950
37640
105653
44327
74542
90163
45676
100161
21430
43997
14027
54843
14223
40514
10069
94354
74014
78371
108647
38683
103956
51542
4523
80460
15232
14546
88398
57259
32840
89770
38025
12137
62411
52428
100482
45753
86219
70983
58116
49059
102515
15223
69755
20827
104729
41457
62005
93652
15758
84500
71517
61694
72481
53008
19703
24409
108092
69546
26457
55877
95066
54921
75681
4184
109219
71571
101821
48446
73965
36144
101421
5790
45569
43817
101474
66061
71357
106091
27218
74570
26898
79639
58407
77385
107457
85764
17628
75800
60365
20097
11673
69404
15035
70278
65263
30029
62145
16816
108446
92444
14560
44903
28014
24998
23002
14582
95715
23017
49132
61677
84780
96730
89552
10288
79347
88192
79336
75944
42621
45168
40925
8588
17516
89655
60320
37647
75878
91981
8115
65842
107699
16745
107352
28111
108367
103883
24142
33819
52105
45985
48390
74447
103426
11562
102451
78133
25125
85279
45904
106841
4903
8708
59518
90753
41918
6693
35863
27170
97125
9488
39722
9340
103307
57660
11303
21303
107354
78499
35990
92455
60220
38432
5343
64779
71493
63273
50111
18955
3177
965
43819
95466
84818
76080
6686
48039
39000
68520
63097
89001
10248
109109
63565
4387
4219
47825
87905
42542
30457
59271
32385
83476
59889
22535
81325
96205
38582
30473
26887
22097
37652
41954
69886
21956
43398
48418
1102
36358
16087
104049
26567
90223
104605
81208
37500
33650
39987
45884
74410
100298
60056
32735
8191
41599
76175
51892
90983
43850
49269
91395
12707
95272
22467
71242
38331
105039
9989
17719
7936
36697
26771
93505
94620
68031
8627
22525
47159
71506
59393
63578
51805
38446
38204
23256
97005
1686
79813
35384
7855
91317
29146
60754
34774
40547
95298
43858
100773
7514
35442
87984
69067
7805
69080
35683
34218
68824
64181
22258
38562
78783
109823
83596
35782
15676
77235
37831
28416
9207
11383
52415
19074
95938
34003
103012
11015
63059
107811
4354
53580
107451
50576
48621
62360
43225
52881
52787
33805
34892
69436
84731
108278
14170
61781
53704
92434
12483
55222
22307
68522
36448
42815
54922
91827
36683
88377
57497
94978
45643
54437
72161
38189
36376
12556
109541
85111
394
73128
51447
11053
65004
84857
8941
41345
43820
42214
31171
47861
35092
73855
77093
32707
71932
50990
89019
32787
67379
106358
28858
43530
104705
22836
19398
30171
104124
83599
25037
84586
99190
37133
1645
14180
17235
100128
24741
89661
33063
107228
88641
100247
40431
97395
41355
31389
71933
21730
42561
49212
96649
109643
44954
61739
51568
5861
28208
69953
85270
63272
29415
107328
64651
49392
18057
98201
86603
82557
105191
95498
11812
8034
32288
23414
83270
9929
22573
108391
39653
58231
56458
98017
71640
102188
48134
98874
40409
37694
73353
33746
92679
13262
92730
14470
105696
107704
37820
88968
47447
57738
10772
43818
37766
47070
8866
52013
77724
95447
51644
61935
6523
76378
6936
32828
37980
11016
94866
39386
58889
36680
8736
59465
35356
100226
31288
63134
6727
40952
106159
25019
42901
31736
13946
11481
70429
49544
40490
25104
85109
60734
109091
18134
69746
27159
34955
29755
53369
8693
44054
39320
5828
97982
104069
83235
54455
87335
4574
48999
106020
71233
49460
54238
105146
74629
1440
64975
54788
34584
11058
79387
46060
97532
84055
62354
104997
60197
28518
41857
20636
108253
23206
102895
18273
94529
33986
46373
80515
49609
41576
54982
55226
14674
89622
50289
104764
69297
4413
40557
41915
22145
6740
1146
9993
10145
46784
109067
86676
62226
37644
89081
103126
32460
67620
38701
96136
78607
71802
85254
61911
2328
16
3065
1216
1781
47312
57285
104722
45491
18829
91673
100177
86792
81637
12906
64624
77859
108764
38145
16320
59415
32835
45762
104121
71419
11096
103406
67629
20673
108706
76365
72828
35036
15263
53103
52344
93667
52631
12100
55948
101586
55017
30570
24949
44714
93448
90106
61236
98041
7141
94021
87805
95762
44258
74184
44423
63435
37968
30239
91435
9538
60488
26314
94494
18653
40310
6363
70355
40128
88299
42878
106551
12387
90067
98344
58990
82209
99447
74020
54121
70469
18397
95019
22029
75066
84348
29506
62748
95683
47527
55093
99121
73650
75758
60778
65751
92760
28607
97829
6800
55834
9284
88952
81406
71840
76988
30161
74721
21961
89264
85353
78829
73443
97864
58676
12151
76244
107836
26667
15054
43592
12426
30925
45579
12538
2575
61973
100586
60180
52587
13328
39123
99609
245
25626
54493
24009
56962
55560
25408
54923
40085
28585
43371
84869
21383
33168
20381
33729
346
37303
33133
24478
67181
105567
83132
51631
95520
1412
69594
95511
85153
99054
85572
72612
1606
26091
45874
69539
98510
40964
106440
99725
11024
98336
38779
68998
93682
71960
66145
101924
68205
91634
2335
18079
96407
47288
29490
34850
94292
80857
4284
87515
99182
81164
30356
85828
33733
33581
5318
57805
43709
19647
98714
49718
5222
52704
1297
95131
88527
26770
21156
39237
97243
4042
73754
57138
29109
34492
10050
58803
93176
85418
72107
54377
7769
96624
105598
36372
61861
76594
20648
54332
5329
92590
58835
68647
13572
2430
14042
69945
1829
22971
30064
72666
40663
2518
49750
99131
28422
48071
34936
96019
60265
48650
29332
71736
30292
58461
74831
49388
28836
24392
87875
4876
1567
107921
103790
35409
96637
29066
9285
91771
78138
1
91565
79411
93378
54170
94240
51069
37145
77784
8919
41601
79599
72157
59931
74039
36466
86562
91748
3059
74421
96034
80737
20870
10836
39612
72146
34053
71370
17893
45665
85183
104173
77630
102508
37996
8942
41845
9093
1756
101075
68389
41328
60802
27989
36624
20104
47391
21958
28378
41881
98043
102556
64759
46686
37115
76665
42626
19480
19753
14949
40661
109786
44829
48121
25758
10580
88092
68897
65938
25726
38857
94867
42501
68376
28268
101272
10416
8671
26041
45242
41339
15078
58926
87928
46026
90777
59
107904
66358
20
44939
16650
29878
92485
88314
25819
61589
21920
5304
961
67739
91429
42124
97521
3782
39074
92364
78255
94575
46021
18575
72349
34635
86495
77133
18727
93716
55037
97337
73784
108250
66425
105846
12726
41483
64847
35160
108206
36887
34623
25360
78321
41564
46553
20906
99799
99599
30310
23196
24241
9530
15925
4121
66681
8129
51688
104619
28097
74950
109944
71047
7122
90076
95759
72225
102009
24716
918
5111
23333
42594
35039
34683
53518
98363
65956
69924
89105
84100
45600
82531
50079
1317
55011
56903
26666
79218
77151
107449
65163
94094
76266
97879
42941
107600
81620
68860
109178
30528
93962
60468
90750
82676
41931
75804
109657
10555
73827
63088
62854
28199
16565
955
102809
108309
55873
104554
68528
3115
3437
78899
97378
42813
68564
94377
39762
8220
109908
105610
13296
53595
34556
101856
82439
99978
28825
49055
42999
19299
109189
43889
2554
13391
107602
92340
88742
7478
12741
84546
23452
53347
66981
46228
47329
50666
41998
100932
5431
46469
16068
74347
51
50192
51470
23220
7353
97721
72307
35023
102569
92739
46167
72946
65473
58547
19078
28247
61988
104388
88969
25032
46194
51345
100459
532
47275
106729
93196
6605
47445
60911
76904
70994
24638
95567
36463
33824
35058
30981
75277
73809
49034
35686
41196
59986
47379
18447
100532
95127
875
15365
30849
43832
97
58308
6738
7251
84424
43112
45339