665
994
1524
354
185
1502
1574
4
390
1577
1344
1404
1500
673
177
221
697
1499
1492
937
1196
18
888
864
991
458
967
734
929
1552
1517
1468
1249
582
1364
1409
295
1478
743
227
877
818
1332
104
302
374
1213
868
1236
393
475
400
1477
279
938
24
1449
1007
716
786
1567
89
770
2
1520
330
312
1544
1580
919
1469
1443
910
1451
1
914
860
829
580
1575
17
1267
1252
12
691
968
1381
1445
427
689
815
1232
216
128
186
1484
375
264
923
300
372
387
179
73
280
143
1501
1073
1564
747
180
1386
362
1305
1131
841
942
866
245
566
971
338
1382
214
342
1195
1541
242
773
668
873
1003
932
826
1506
1052
1004
22
1226
262
1325
328
1550
870
717
593
71
1412
434
148
1257
487
250
1482
249
1187
750
527
53
1029
812
1227
735
905
70
808
189
1555
27
38
953
821
414
388
55
182
1002
1098
1169
678
1535
286
120
122
1079
1008
1228
259
274
1351
884